,const,ID,name,wheelbase,carlength,carwidth,curbweight,enginesize,boreratio,horsepower,citympg,highwaympg,price,fueltypes_diesel,doornumbers_four,carbody_convertible,carbody_hardtop,carbody_hatchback,carbody_sedan,drivewheels_4wd,drivewheels_fwd
0,1.0,1,alfa-romero giulia,88.6,168.8,64.1,2548,130,3.47,111,21,27,13495.0,0,0,1,0,0,0,0,0
1,1.0,2,alfa-romero stelvio,88.6,168.8,64.1,2548,130,3.47,111,21,27,16500.0,0,0,1,0,0,0,0,0
2,1.0,3,alfa-romero Quadrifoglio,94.5,171.2,65.5,2823,152,2.68,154,19,26,16500.0,0,0,0,0,1,0,0,0
3,1.0,4,audi 100 ls,99.8,176.6,66.2,2337,109,3.19,102,24,30,13950.0,0,1,0,0,0,1,0,1
4,1.0,5,audi 100ls,99.4,176.6,66.4,2824,136,3.19,115,18,22,17450.0,0,1,0,0,0,1,1,0
5,1.0,6,audi fox,99.8,177.3,66.3,2507,136,3.19,110,19,25,15250.0,0,0,0,0,0,1,0,1
6,1.0,7,audi 100ls,105.8,192.7,71.4,2844,136,3.19,110,19,25,17710.0,0,1,0,0,0,1,0,1
7,1.0,8,audi 5000,105.8,192.7,71.4,2954,136,3.19,110,19,25,18920.0,0,1,0,0,0,0,0,1
8,1.0,9,audi 4000,105.8,192.7,71.4,3086,131,3.13,140,17,20,23875.0,0,1,0,0,0,1,0,1
9,1.0,10,audi 5000s (diesel),99.5,178.2,67.9,3053,131,3.13,160,16,22,17859.167,0,0,0,0,1,0,1,0
10,1.0,11,bmw 320i,101.2,176.8,64.8,2395,108,3.5,101,23,29,16430.0,0,0,0,0,0,1,0,0
11,1.0,12,bmw 320i,101.2,176.8,64.8,2395,108,3.5,101,23,29,16925.0,0,1,0,0,0,1,0,0
12,1.0,13,bmw x1,101.2,176.8,64.8,2710,164,3.31,121,21,28,20970.0,0,0,0,0,0,1,0,0
13,1.0,14,bmw x3,101.2,176.8,64.8,2765,164,3.31,121,21,28,21105.0,0,1,0,0,0,1,0,0
14,1.0,15,bmw z4,103.5,189.0,66.9,3055,164,3.31,121,20,25,24565.0,0,1,0,0,0,1,0,0
15,1.0,16,bmw x4,103.5,189.0,66.9,3230,209,3.62,182,16,22,30760.0,0,1,0,0,0,1,0,0
16,1.0,17,bmw x5,103.5,193.8,67.9,3380,209,3.62,182,16,22,41315.0,0,0,0,0,0,1,0,0
17,1.0,18,bmw x3,110.0,197.0,70.9,3505,209,3.62,182,15,20,36880.0,0,1,0,0,0,1,0,0
18,1.0,19,chevrolet impala,88.4,141.1,60.3,1488,61,2.91,48,47,53,5151.0,0,0,0,0,1,0,0,1
19,1.0,20,chevrolet monte carlo,94.5,155.9,63.6,1874,90,3.03,70,38,43,6295.0,0,0,0,0,1,0,0,1
20,1.0,21,chevrolet vega 2300,94.5,158.8,63.6,1909,90,3.03,70,38,43,6575.0,0,1,0,0,0,1,0,1
21,1.0,22,dodge rampage,93.7,157.3,63.8,1876,90,2.97,68,37,41,5572.0,0,0,0,0,1,0,0,1
22,1.0,23,dodge challenger se,93.7,157.3,63.8,1876,90,2.97,68,31,38,6377.0,0,0,0,0,1,0,0,1
23,1.0,24,dodge d200,93.7,157.3,63.8,2128,98,3.03,102,24,30,7957.0,0,0,0,0,1,0,0,1
24,1.0,25,dodge monaco (sw),93.7,157.3,63.8,1967,90,2.97,68,31,38,6229.0,0,1,0,0,1,0,0,1
25,1.0,26,dodge colt hardtop,93.7,157.3,63.8,1989,90,2.97,68,31,38,6692.0,0,1,0,0,0,1,0,1
26,1.0,27,dodge colt (sw),93.7,157.3,63.8,1989,90,2.97,68,31,38,7609.0,0,1,0,0,0,1,0,1
27,1.0,28,dodge coronet custom,93.7,157.3,63.8,2191,98,3.03,102,24,30,8558.0,0,0,0,0,0,1,0,1
28,1.0,29,dodge dart custom,103.3,174.6,64.6,2535,122,3.34,88,24,30,8921.0,0,1,0,0,0,0,0,1
29,1.0,30,dodge coronet custom (sw),95.9,173.2,66.3,2811,156,3.6,145,19,24,12964.0,0,0,0,0,1,0,0,1
30,1.0,31,honda civic,86.6,144.6,63.9,1713,92,2.91,58,49,54,6479.0,0,0,0,0,1,0,0,1
31,1.0,32,honda civic cvcc,86.6,144.6,63.9,1819,92,2.91,76,31,38,6855.0,0,0,0,0,1,0,0,1
32,1.0,33,honda civic,93.7,150.0,64.0,1837,79,2.91,60,38,42,5399.0,0,0,0,0,1,0,0,1
33,1.0,34,honda accord cvcc,93.7,150.0,64.0,1940,92,2.91,76,30,34,6529.0,0,0,0,0,1,0,0,1
34,1.0,35,honda civic cvcc,93.7,150.0,64.0,1956,92,2.91,76,30,34,7129.0,0,0,0,0,1,0,0,1
35,1.0,36,honda accord lx,96.5,163.4,64.0,2010,92,2.91,76,30,34,7295.0,0,1,0,0,0,1,0,1
36,1.0,37,honda civic 1500 gl,96.5,157.1,63.9,2024,92,2.92,76,30,34,7295.0,0,1,0,0,0,0,0,1
37,1.0,38,honda accord,96.5,167.5,65.2,2236,110,3.15,86,27,33,7895.0,0,0,0,0,1,0,0,1
38,1.0,39,honda civic 1300,96.5,167.5,65.2,2289,110,3.15,86,27,33,9095.0,0,0,0,0,1,0,0,1
39,1.0,40,honda prelude,96.5,175.4,65.2,2304,110,3.15,86,27,33,8845.0,0,1,0,0,0,1,0,1
40,1.0,41,honda accord,96.5,175.4,62.5,2372,110,3.15,86,27,33,10295.0,0,1,0,0,0,1,0,1
41,1.0,42,honda civic,96.5,175.4,65.2,2465,110,3.15,101,24,28,12945.0,0,1,0,0,0,1,0,1
42,1.0,43,honda civic (auto),96.5,169.1,66.0,2293,110,3.15,100,25,31,10345.0,0,0,0,0,0,1,0,1
43,1.0,44,isuzu MU-X,94.3,170.7,61.8,2337,111,3.31,78,24,29,6785.0,0,1,0,0,0,1,0,0
44,1.0,45,isuzu D-Max ,94.5,155.9,63.6,1874,90,3.03,70,38,43,8916.5,0,0,0,0,0,1,0,1
45,1.0,46,isuzu D-Max V-Cross,94.5,155.9,63.6,1909,90,3.03,70,38,43,8916.5,0,1,0,0,0,1,0,1
46,1.0,47,isuzu D-Max ,96.0,172.6,65.2,2734,119,3.43,90,24,29,11048.0,0,0,0,0,1,0,0,0
47,1.0,48,jaguar xj,113.0,199.6,69.6,4066,258,3.63,176,15,19,32250.0,0,1,0,0,0,1,0,0
48,1.0,49,jaguar xf,113.0,199.6,69.6,4066,258,3.63,176,15,19,35550.0,0,1,0,0,0,1,0,0
49,1.0,50,jaguar xk,102.0,191.7,70.6,3950,326,3.54,262,13,17,36000.0,0,0,0,0,0,1,0,0
50,1.0,51,maxda rx3,93.1,159.1,64.2,1890,91,3.03,68,30,31,5195.0,0,0,0,0,1,0,0,1
51,1.0,52,maxda glc deluxe,93.1,159.1,64.2,1900,91,3.03,68,31,38,6095.0,0,0,0,0,1,0,0,1
52,1.0,53,mazda rx2 coupe,93.1,159.1,64.2,1905,91,3.03,68,31,38,6795.0,0,0,0,0,1,0,0,1
53,1.0,54,mazda rx-4,93.1,166.8,64.2,1945,91,3.03,68,31,38,6695.0,0,1,0,0,0,1,0,1
54,1.0,55,mazda glc deluxe,93.1,166.8,64.2,1950,91,3.08,68,31,38,7395.0,0,1,0,0,0,1,0,1
55,1.0,56,mazda 626,95.3,169.0,65.7,2380,70,3.33,101,17,23,10945.0,0,0,0,0,1,0,0,0
56,1.0,57,mazda glc,95.3,169.0,65.7,2380,70,3.33,101,17,23,11845.0,0,0,0,0,1,0,0,0
57,1.0,58,mazda rx-7 gs,95.3,169.0,65.7,2385,70,3.33,101,17,23,13645.0,0,0,0,0,1,0,0,0
58,1.0,59,mazda glc 4,95.3,169.0,65.7,2500,80,3.33,135,16,23,15645.0,0,0,0,0,1,0,0,0
59,1.0,60,mazda 626,98.8,177.8,66.5,2385,122,3.39,84,26,32,8845.0,0,0,0,0,1,0,0,1
60,1.0,61,mazda glc custom l,98.8,177.8,66.5,2410,122,3.39,84,26,32,8495.0,0,1,0,0,0,1,0,1
61,1.0,62,mazda glc custom,98.8,177.8,66.5,2385,122,3.39,84,26,32,10595.0,0,0,0,0,1,0,0,1
62,1.0,63,mazda rx-4,98.8,177.8,66.5,2410,122,3.39,84,26,32,10245.0,0,1,0,0,0,1,0,1
63,1.0,64,mazda glc deluxe,98.8,177.8,66.5,2443,122,3.39,64,36,42,10795.0,1,1,0,0,0,1,0,1
64,1.0,65,mazda 626,98.8,177.8,66.5,2425,122,3.39,84,26,32,11245.0,0,1,0,0,1,0,0,1
65,1.0,66,mazda glc,104.9,175.0,66.1,2670,140,3.76,120,19,27,18280.0,0,1,0,0,0,1,0,0
66,1.0,67,mazda rx-7 gs,104.9,175.0,66.1,2700,134,3.43,72,31,39,18344.0,1,1,0,0,0,1,0,0
67,1.0,68,buick electra 225 custom,110.0,190.9,70.3,3515,183,3.58,123,22,25,25552.0,1,1,0,0,0,1,0,0
68,1.0,69,buick century luxus (sw),110.0,190.9,70.3,3750,183,3.58,123,22,25,28248.0,1,1,0,0,0,0,0,0
69,1.0,70,buick century,106.7,187.5,70.3,3495,183,3.58,123,22,25,28176.0,1,0,0,1,0,0,0,0
70,1.0,71,buick skyhawk,115.6,202.6,71.7,3770,183,3.58,123,22,25,31600.0,1,1,0,0,0,1,0,0
71,1.0,72,buick opel isuzu deluxe,115.6,202.6,71.7,3740,234,3.46,155,16,18,34184.0,0,1,0,0,0,1,0,0
72,1.0,73,buick skylark,96.6,180.3,70.5,3685,234,3.46,155,16,18,35056.0,0,0,1,0,0,0,0,0
73,1.0,74,buick century special,120.9,208.1,71.7,3900,308,3.8,184,14,16,40960.0,0,1,0,0,0,1,0,0
74,1.0,75,buick regal sport coupe (turbo),112.0,199.2,72.0,3715,304,3.8,184,14,16,45400.0,0,0,0,1,0,0,0,0
75,1.0,76,mercury cougar,102.7,178.4,68.0,2910,140,3.78,175,19,24,16503.0,0,0,0,0,1,0,0,0
76,1.0,77,mitsubishi mirage,93.7,157.3,64.4,1918,92,2.97,68,37,41,5389.0,0,0,0,0,1,0,0,1
77,1.0,78,mitsubishi lancer,93.7,157.3,64.4,1944,92,2.97,68,31,38,6189.0,0,0,0,0,1,0,0,1
78,1.0,79,mitsubishi outlander,93.7,157.3,64.4,2004,92,2.97,68,31,38,6669.0,0,0,0,0,1,0,0,1
79,1.0,80,mitsubishi g4,93.0,157.3,63.8,2145,98,3.03,102,24,30,7689.0,0,0,0,0,1,0,0,1
80,1.0,81,mitsubishi mirage g4,96.3,173.0,65.4,2370,110,3.17,116,23,30,9959.0,0,0,0,0,1,0,0,1
81,1.0,82,mitsubishi g4,96.3,173.0,65.4,2328,122,3.35,88,25,32,8499.0,0,0,0,0,1,0,0,1
82,1.0,83,mitsubishi outlander,95.9,173.2,66.3,2833,156,3.58,145,19,24,12629.0,0,0,0,0,1,0,0,1
83,1.0,84,mitsubishi g4,95.9,173.2,66.3,2921,156,3.59,145,19,24,14869.0,0,0,0,0,1,0,0,1
84,1.0,85,mitsubishi mirage g4,95.9,173.2,66.3,2926,156,3.59,145,19,24,14489.0,0,0,0,0,1,0,0,1
85,1.0,86,mitsubishi montero,96.3,172.4,65.4,2365,122,3.35,88,25,32,6989.0,0,1,0,0,0,1,0,1
86,1.0,87,mitsubishi pajero,96.3,172.4,65.4,2405,122,3.35,88,25,32,8189.0,0,1,0,0,0,1,0,1
87,1.0,88,mitsubishi outlander,96.3,172.4,65.4,2403,110,3.17,116,23,30,9279.0,0,1,0,0,0,1,0,1
88,1.0,89,mitsubishi mirage g4,96.3,172.4,65.4,2403,110,3.17,116,23,30,9279.0,0,1,0,0,0,1,0,1
89,1.0,90,Nissan versa,94.5,165.3,63.8,1889,97,3.15,69,31,37,5499.0,0,0,0,0,0,1,0,1
90,1.0,91,nissan gt-r,94.5,165.3,63.8,2017,103,2.99,55,45,50,7099.0,1,0,0,0,0,1,0,1
91,1.0,92,nissan rogue,94.5,165.3,63.8,1918,97,3.15,69,31,37,6649.0,0,0,0,0,0,1,0,1
92,1.0,93,nissan latio,94.5,165.3,63.8,1938,97,3.15,69,31,37,6849.0,0,1,0,0,0,1,0,1
93,1.0,94,nissan titan,94.5,170.2,63.8,2024,97,3.15,69,31,37,7349.0,0,1,0,0,0,0,0,1
94,1.0,95,nissan leaf,94.5,165.3,63.8,1951,97,3.15,69,31,37,7299.0,0,0,0,0,0,1,0,1
95,1.0,96,nissan juke,94.5,165.6,63.8,2028,97,3.15,69,31,37,7799.0,0,0,0,0,1,0,0,1
96,1.0,97,nissan latio,94.5,165.3,63.8,1971,97,3.15,69,31,37,7499.0,0,1,0,0,0,1,0,1
97,1.0,98,nissan note,94.5,170.2,63.8,2037,97,3.15,69,31,37,7999.0,0,1,0,0,0,0,0,1
98,1.0,99,nissan clipper,95.1,162.4,63.8,2008,97,3.15,69,31,37,8249.0,0,0,0,1,0,0,0,1
99,1.0,100,nissan rogue,97.2,173.4,65.2,2324,120,3.33,97,27,34,8949.0,0,1,0,0,1,0,0,1
100,1.0,101,nissan nv200,97.2,173.4,65.2,2302,120,3.33,97,27,34,9549.0,0,1,0,0,0,1,0,1
101,1.0,102,nissan dayz,100.4,181.7,66.5,3095,181,3.43,152,17,22,13499.0,0,1,0,0,0,1,0,1
102,1.0,103,nissan fuga,100.4,184.6,66.5,3296,181,3.43,152,17,22,14399.0,0,1,0,0,0,0,0,1
103,1.0,104,nissan otti,100.4,184.6,66.5,3060,181,3.43,152,19,25,13499.0,0,1,0,0,0,1,0,1
104,1.0,105,nissan teana,91.3,170.7,67.9,3071,181,3.43,160,19,25,17199.0,0,0,0,0,1,0,0,0
105,1.0,106,nissan kicks,91.3,170.7,67.9,3139,181,3.43,200,17,23,19699.0,0,0,0,0,1,0,0,0
106,1.0,107,nissan clipper,99.2,178.5,67.9,3139,181,3.43,160,19,25,18399.0,0,0,0,0,1,0,0,0
107,1.0,108,peugeot 504,107.9,186.7,68.4,3020,120,3.46,97,19,24,11900.0,0,1,0,0,0,1,0,0
108,1.0,109,peugeot 304,107.9,186.7,68.4,3197,152,3.7,95,28,33,13200.0,1,1,0,0,0,1,0,0
109,1.0,110,peugeot 504 (sw),114.2,198.9,68.4,3230,120,3.46,97,19,24,12440.0,0,1,0,0,0,0,0,0
110,1.0,111,peugeot 504,114.2,198.9,68.4,3430,152,3.7,95,25,25,13860.0,1,1,0,0,0,0,0,0
111,1.0,112,peugeot 504,107.9,186.7,68.4,3075,120,3.46,95,19,24,15580.0,0,1,0,0,0,1,0,0
112,1.0,113,peugeot 604sl,107.9,186.7,68.4,3252,152,3.7,95,28,33,16900.0,1,1,0,0,0,1,0,0
113,1.0,114,peugeot 504,114.2,198.9,68.4,3285,120,3.46,95,19,24,16695.0,0,1,0,0,0,0,0,0
114,1.0,115,peugeot 505s turbo diesel,114.2,198.9,68.4,3485,152,3.7,95,25,25,17075.0,1,1,0,0,0,0,0,0
115,1.0,116,peugeot 504,107.9,186.7,68.4,3075,120,3.46,97,19,24,16630.0,0,1,0,0,0,1,0,0
116,1.0,117,peugeot 504,107.9,186.7,68.4,3252,152,3.7,95,28,33,17950.0,1,1,0,0,0,1,0,0
117,1.0,118,peugeot 604sl,108.0,186.7,68.3,3130,134,3.61,142,18,24,18150.0,0,1,0,0,0,1,0,0
118,1.0,119,plymouth fury iii,93.7,157.3,63.8,1918,90,2.97,68,37,41,5572.0,0,0,0,0,1,0,0,1
119,1.0,120,plymouth cricket,93.7,157.3,63.8,2128,98,3.03,102,24,30,7957.0,0,0,0,0,1,0,0,1
120,1.0,121,plymouth fury iii,93.7,157.3,63.8,1967,90,2.97,68,31,38,6229.0,0,1,0,0,1,0,0,1
121,1.0,122,plymouth satellite custom (sw),93.7,167.3,63.8,1989,90,2.97,68,31,38,6692.0,0,1,0,0,0,1,0,1
122,1.0,123,plymouth fury gran sedan,93.7,167.3,63.8,2191,98,2.97,68,31,38,7609.0,0,1,0,0,0,1,0,1
123,1.0,124,plymouth valiant,103.3,174.6,64.6,2535,122,3.35,88,24,30,8921.0,0,1,0,0,0,0,0,1
124,1.0,125,plymouth duster,95.9,173.2,66.3,2818,156,3.59,145,19,24,12764.0,0,0,0,0,1,0,0,0
125,1.0,126,porsche macan,94.5,168.9,68.3,2778,151,3.94,143,19,27,22018.0,0,0,0,0,1,0,0,0
126,1.0,127,porcshce panamera,89.5,168.9,65.0,2756,194,3.74,207,17,25,32528.0,0,0,0,1,0,0,0,0
127,1.0,128,porsche cayenne,89.5,168.9,65.0,2756,194,3.74,207,17,25,34028.0,0,0,0,1,0,0,0,0
128,1.0,129,porsche boxter,89.5,168.9,65.0,2800,194,3.74,207,17,25,37028.0,0,0,1,0,0,0,0,0
129,1.0,130,porsche cayenne,98.4,175.7,72.3,3366,203,3.94,288,17,28,31400.5,0,0,0,0,1,0,0,0
130,1.0,131,renault 12tl,96.1,181.5,66.5,2579,132,3.46,90,23,31,9295.0,0,1,0,0,0,0,0,1
131,1.0,132,renault 5 gtl,96.1,176.8,66.6,2460,132,3.46,90,23,31,9895.0,0,0,0,0,1,0,0,1
132,1.0,133,saab 99e,99.1,186.6,66.5,2658,121,3.54,110,21,28,11850.0,0,0,0,0,1,0,0,1
133,1.0,134,saab 99le,99.1,186.6,66.5,2695,121,3.54,110,21,28,12170.0,0,1,0,0,0,1,0,1
134,1.0,135,saab 99le,99.1,186.6,66.5,2707,121,2.54,110,21,28,15040.0,0,0,0,0,1,0,0,1
135,1.0,136,saab 99gle,99.1,186.6,66.5,2758,121,3.54,110,21,28,15510.0,0,1,0,0,0,1,0,1
136,1.0,137,saab 99gle,99.1,186.6,66.5,2808,121,3.54,160,19,26,18150.0,0,0,0,0,1,0,0,1
137,1.0,138,saab 99e,99.1,186.6,66.5,2847,121,3.54,160,19,26,18620.0,0,1,0,0,0,1,0,1
138,1.0,139,subaru,93.7,156.9,63.4,2050,97,3.62,69,31,36,5118.0,0,0,0,0,1,0,0,1
139,1.0,140,subaru dl,93.7,157.9,63.6,2120,108,3.62,73,26,31,7053.0,0,0,0,0,1,0,0,1
140,1.0,141,subaru dl,93.3,157.3,63.8,2240,108,3.62,73,26,31,7603.0,0,0,0,0,1,0,1,0
141,1.0,142,subaru,97.2,172.0,65.4,2145,108,3.62,82,32,37,7126.0,0,1,0,0,0,1,0,1
142,1.0,143,subaru brz,97.2,172.0,65.4,2190,108,3.62,82,28,33,7775.0,0,1,0,0,0,1,0,1
143,1.0,144,subaru baja,97.2,172.0,65.4,2340,108,3.62,94,26,32,9960.0,0,1,0,0,0,1,0,1
144,1.0,145,subaru r1,97.0,172.0,65.4,2385,108,3.62,82,24,25,9233.0,0,1,0,0,0,1,1,0
145,1.0,146,subaru r2,97.0,172.0,65.4,2510,108,3.62,111,24,29,11259.0,0,1,0,0,0,1,1,0
146,1.0,147,subaru trezia,97.0,173.5,65.4,2290,108,3.62,82,28,32,7463.0,0,1,0,0,0,0,0,1
147,1.0,148,subaru tribeca,97.0,173.5,65.4,2455,108,3.62,94,25,31,10198.0,0,1,0,0,0,0,0,1
148,1.0,149,subaru dl,96.9,173.6,65.4,2420,108,3.62,82,23,29,8013.0,0,1,0,0,0,0,1,0
149,1.0,150,subaru dl,96.9,173.6,65.4,2650,108,3.62,111,23,23,11694.0,0,1,0,0,0,0,1,0
150,1.0,151,toyota corona mark ii,95.7,158.7,63.6,1985,92,3.05,62,35,39,5348.0,0,0,0,0,1,0,0,1
151,1.0,152,toyota corona,95.7,158.7,63.6,2040,92,3.05,62,31,38,6338.0,0,0,0,0,1,0,0,1
152,1.0,153,toyota corolla 1200,95.7,158.7,63.6,2015,92,3.05,62,31,38,6488.0,0,1,0,0,1,0,0,1
153,1.0,154,toyota corona hardtop,95.7,169.7,63.6,2280,92,3.05,62,31,37,6918.0,0,1,0,0,0,0,0,1
154,1.0,155,toyota corolla 1600 (sw),95.7,169.7,63.6,2290,92,3.05,62,27,32,7898.0,0,1,0,0,0,0,1,0
155,1.0,156,toyota carina,95.7,169.7,63.6,3110,92,3.05,62,27,32,8778.0,0,1,0,0,0,0,1,0
156,1.0,157,toyota mark ii,95.7,166.3,64.4,2081,98,3.19,70,30,37,6938.0,0,1,0,0,0,1,0,1
157,1.0,158,toyota corolla 1200,95.7,166.3,64.4,2109,98,3.19,70,30,37,7198.0,0,1,0,0,1,0,0,1
158,1.0,159,toyota corona,95.7,166.3,64.4,2275,110,3.27,56,34,36,7898.0,1,1,0,0,0,1,0,1
159,1.0,160,toyota corolla,95.7,166.3,64.4,2275,110,3.27,56,38,47,7788.0,1,1,0,0,1,0,0,1
160,1.0,161,toyota corona,95.7,166.3,64.4,2094,98,3.19,70,38,47,7738.0,0,1,0,0,0,1,0,1
161,1.0,162,toyota corolla,95.7,166.3,64.4,2122,98,3.19,70,28,34,8358.0,0,1,0,0,1,0,0,1
162,1.0,163,toyota mark ii,95.7,166.3,64.4,2140,98,3.19,70,28,34,9258.0,0,1,0,0,0,1,0,1
163,1.0,164,toyota corolla liftback,94.5,168.7,64.0,2169,98,3.19,70,29,34,8058.0,0,0,0,0,0,1,0,0
164,1.0,165,toyota corona,94.5,168.7,64.0,2204,98,3.19,70,29,34,8238.0,0,0,0,0,1,0,0,0
165,1.0,166,toyota celica gt liftback,94.5,168.7,64.0,2265,98,3.24,112,26,29,9298.0,0,0,0,0,0,1,0,0
166,1.0,167,toyota corolla tercel,94.5,168.7,64.0,2300,98,3.24,112,26,29,9538.0,0,0,0,0,1,0,0,0
167,1.0,168,toyota corona liftback,98.4,176.2,65.6,2540,146,3.62,116,24,30,8449.0,0,0,0,1,0,0,0,0
168,1.0,169,toyota corolla,98.4,176.2,65.6,2536,146,3.62,116,24,30,9639.0,0,0,0,1,0,0,0,0
169,1.0,170,toyota starlet,98.4,176.2,65.6,2551,146,3.62,116,24,30,9989.0,0,0,0,0,1,0,0,0
170,1.0,171,toyota tercel,98.4,176.2,65.6,2679,146,3.62,116,24,30,11199.0,0,0,0,1,0,0,0,0
171,1.0,172,toyota corolla,98.4,176.2,65.6,2714,146,3.62,116,24,30,11549.0,0,0,0,0,1,0,0,0
172,1.0,173,toyota cressida,98.4,176.2,65.6,2975,146,3.62,116,24,30,17669.0,0,0,1,0,0,0,0,0
173,1.0,174,toyota corolla,102.4,175.6,66.5,2326,122,3.31,92,29,34,8948.0,0,1,0,0,0,1,0,1
174,1.0,175,toyota celica gt,102.4,175.6,66.5,2480,110,3.27,73,30,33,10698.0,1,1,0,0,0,1,0,1
175,1.0,176,toyota corona,102.4,175.6,66.5,2414,122,3.31,92,27,32,9988.0,0,1,0,0,1,0,0,1
176,1.0,177,toyota corolla,102.4,175.6,66.5,2414,122,3.31,92,27,32,10898.0,0,1,0,0,0,1,0,1
177,1.0,178,toyota mark ii,102.4,175.6,66.5,2458,122,3.31,92,27,32,11248.0,0,1,0,0,1,0,0,1
178,1.0,179,toyota corolla liftback,102.9,183.5,67.7,2976,171,3.27,161,20,24,16558.0,0,0,0,0,1,0,0,0
179,1.0,180,toyota corona,102.9,183.5,67.7,3016,171,3.27,161,19,24,15998.0,0,0,0,0,1,0,0,0
180,1.0,181,toyota starlet,104.5,187.8,66.5,3131,171,3.27,156,20,24,15690.0,0,1,0,0,0,1,0,0
181,1.0,182,toyouta tercel,104.5,187.8,66.5,3151,161,3.27,156,19,24,15750.0,0,1,0,0,0,0,0,0
182,1.0,183,vokswagen rabbit,97.3,171.7,65.5,2261,97,3.01,52,37,46,7775.0,1,0,0,0,0,1,0,1
183,1.0,184,volkswagen 1131 deluxe sedan,97.3,171.7,65.5,2209,109,3.19,85,27,34,7975.0,0,0,0,0,0,1,0,1
184,1.0,185,volkswagen model 111,97.3,171.7,65.5,2264,97,3.01,52,37,46,7995.0,1,1,0,0,0,1,0,1
185,1.0,186,volkswagen type 3,97.3,171.7,65.5,2212,109,3.19,85,27,34,8195.0,0,1,0,0,0,1,0,1
186,1.0,187,volkswagen 411 (sw),97.3,171.7,65.5,2275,109,3.19,85,27,34,8495.0,0,1,0,0,0,1,0,1
187,1.0,188,volkswagen super beetle,97.3,171.7,65.5,2319,97,3.01,68,37,42,9495.0,1,1,0,0,0,1,0,1
188,1.0,189,volkswagen dasher,97.3,171.7,65.5,2300,109,3.19,100,26,32,9995.0,0,1,0,0,0,1,0,1
189,1.0,190,vw dasher,94.5,159.3,64.2,2254,109,3.19,90,24,29,11595.0,0,0,1,0,0,0,0,1
190,1.0,191,vw rabbit,94.5,165.7,64.0,2221,109,3.19,90,24,29,9980.0,0,0,0,0,1,0,0,1
191,1.0,192,volkswagen rabbit,100.4,180.2,66.9,2661,136,3.19,110,19,24,13295.0,0,1,0,0,0,1,0,1
192,1.0,193,volkswagen rabbit custom,100.4,180.2,66.9,2579,97,3.01,68,33,38,13845.0,1,1,0,0,0,1,0,1
193,1.0,194,volkswagen dasher,100.4,183.1,66.9,2563,109,3.19,88,25,31,12290.0,0,1,0,0,0,0,0,1
194,1.0,195,volvo 145e (sw),104.3,188.8,67.2,2912,141,3.78,114,23,28,12940.0,0,1,0,0,0,1,0,0
195,1.0,196,volvo 144ea,104.3,188.8,67.2,3034,141,3.78,114,23,28,13415.0,0,1,0,0,0,0,0,0
196,1.0,197,volvo 244dl,104.3,188.8,67.2,2935,141,3.78,114,24,28,15985.0,0,1,0,0,0,1,0,0
197,1.0,198,volvo 245,104.3,188.8,67.2,3042,141,3.78,114,24,28,16515.0,0,1,0,0,0,0,0,0
198,1.0,199,volvo 264gl,104.3,188.8,67.2,3045,130,3.62,162,17,22,18420.0,0,1,0,0,0,1,0,0
199,1.0,200,volvo diesel,104.3,188.8,67.2,3157,130,3.62,162,17,22,18950.0,0,1,0,0,0,0,0,0
200,1.0,201,volvo 145e (sw),109.1,188.8,68.9,2952,141,3.78,114,23,28,16845.0,0,1,0,0,0,1,0,0
201,1.0,202,volvo 144ea,109.1,188.8,68.8,3049,141,3.78,160,19,25,19045.0,0,1,0,0,0,1,0,0
202,1.0,203,volvo 244dl,109.1,188.8,68.9,3012,173,3.58,134,18,23,21485.0,0,1,0,0,0,1,0,0
203,1.0,204,volvo 246,109.1,188.8,68.9,3217,145,3.01,106,26,27,22470.0,1,1,0,0,0,1,0,0
204,1.0,205,volvo 264gl,109.1,188.8,68.9,3062,141,3.78,114,19,25,22625.0,0,1,0,0,0,1,0,0
